1838
1697
1775
1846
1648
1794
1793
1662
1883
1708
1720
1733
1628
1800
1717
1638
1788
1724
1685
1826
1732
1700
1809
1624
1673
1765
1601
1702
1687
1658
1803
1672
1625
1782
1598
1805
1710
1636
1789
1612
1748
1774
1655
1748
1653
1665
1744
1616
1736
1698
1607
1777
1694
1661
1819
1604
1760
1722
1601
1794
1682
1719
1716
1594
1743
1719
1619
1752
1590
1693
1790
1507
1751
1682
1594
1789
1645
1635
1768
1554
1750
1681
1513
1779
1718
1636
1761
1645
1665
1782
1547
1724
1658
1588
1722
1625
1608
1778
1581
1687
